0 1
0.1 1.0 2891 0
0.2 1.0 1916 0
0.3 0.9702878365831012 2090 64
0.4 0.9617526921648719 2590 103
0.5 0.7147140715356607 3337 1332
0.6 0.6440086421804886 3875 2142
0.7 0.7060707992952107 4408 1835
0.8 0.8143487497957183 4983 1136
0.9 0.0 0 191
0 2
0.1 0.7480966567361801 2260 761
0.2 0.22905405405405405 1356 4564
0.3 0.3480456026058632 2137 4003
0.4 0.4391924371094376 2741 3500
0.5 0.5555735580038885 3429 2743
0.6 0.6533442088091354 4005 2125
0.7 0.7131332687963859 4420 1778
0.8 0.8057980563333882 4892 1179
0.9 0.9033968516984259 5452 583
0 3
0.1 0.06413713405238829 333 4859
0.2 0.22369819341126462 1263 4383
0.3 0.40686922060766184 2156 3143
0.4 0.4439799331103679 2655 3325
0.5 0.5664768921634293 3383 2589
0.6 0.6603805354436774 3922 2017
0.7 0.7039284573618653 4408 1854
0.8 0.8000323834196891 4941 1235
0.9 0.8916817359855335 4931 599
0 4
0.1 0.7902097902097902 678 180
0.2 0.2687403400309119 1391 3785
0.3 0.47880653563817194 2022 2201
0.4 0.6186077945483217 2746 1693
0.5 0.6448036083442962 3431 1890
0.6 0.6894303363074811 4018 1810
0.7 0.7705527994330262 4349 1295
0.8 0.8415982875490546 4718 888
0.9 0.8988583660363896 5039 567
0 5
0.1 0.9930098684210527 2415 17
0.2 1.0 908 0
0.3 0.4148814078041316 2169 3059
0.4 0.4838591342626559 2638 2814
0.5 0.5938365650969529 3430 2346
0.6 0.6618859215298385 4015 2051
0.7 0.7318287421174908 4410 1616
0.8 0.8126829268292682 4998 1152
0.9 0.9537037037037037 5562 270
0 6
0.1 1.0 490 0
0.2 0.39085739282589677 1787 2785
0.3 0.5175088652482269 2335 2177
0.4 0.45839820100328665 2650 3131
0.5 0.6311024320965738 3555 2078
0.6 0.6564241094040182 3888 2035
0.7 0.7109677419354838 4408 1792
0.8 0.8264695529743048 4696 986
0.9 0.9893009985734664 1387 15
0 7
0.1 0.9994256174612292 1740 1
0.2 0.9543436905516804 3010 144
0.3 0.7372596887397009 2416 861
0.4 0.7071538857436953 2748 1138
0.5 0.6434019832189168 3374 1870
0.6 0.7487207602339181 4097 1375
0.7 0.7950114175303004 4526 1167
0.8 0.8419883840109327 4929 925
0.9 0.8442601710287639 3258 601
0 8
0.1 0.32689799112966345 1253 2580
0.2 0.14732437789033254 669 3872
0.3 0.3748024384736961 1660 2769
0.4 0.4709921043597666 2744 3082
0.5 0.5612794612794613 3334 2606
0.6 0.6507936507936508 4018 2156
0.7 0.712688381137579 4398 1773
0.8 0.7869594368085819 4695 1271
0.9 0.8738754031573587 5148 743
0 9
0.2 0.9163713678242381 1293 118
0.3 0.9944695827048768 1978 11
0.4 1.0 2695 0
0.5 0.9232444202504083 3392 282
0.6 0.9641013031718711 3921 146
0.7 0.9216300940438872 4410 375
0.8 0.9281940911758951 4744 367
0.9 1.0 5279 0
1 2
0.1 0.0 0 71
0.2 0.002847200253084467 9 3152
0.3 0.0 0 3649
0.4 0.0 0 3232
0.5 0.13386075949367088 423 2737
0.6 0.18487394957983194 462 2037
0.7 0.6023841059602649 2274 1501
0.8 0.8309246038655754 4772 971
0.9 0.8837555886736215 5337 702
1 3
0.1 0.01608848667672197 64 3914
0.2 0.09105139577354553 349 3484
0.3 0.17635978337650107 749 3498
0.4 0.236438822670883 972 3139
0.5 0.48726489028213166 2487 2617
0.6 0.5724087233521196 2336 1745
0.7 0.7700920627021647 3095 924
0.8 0.7743055555555556 4237 1235
0.9 0.9331860850358917 5070 363
1 4
0.1 0.04284525790349417 103 2301
0.2 0.18795973674022454 971 4195
0.3 0.2791482184271558 1324 3419
0.4 0.1986254295532646 867 3498
0.5 0.4318555008210181 2104 2768
0.6 0.33970961050933396 1474 2865
0.7 0.5429389312977099 2276 1916
0.8 0.4906137945581101 2326 2415
0.9 0.7941947892988285 4542 1177
1 5
0.1 0.0043717924348983086 23 5238
0.2 0.06293706293706294 324 4824
0.3 0.2392300641613199 1305 4150
0.4 0.3443052178791846 1841 3506
0.5 0.5185758513931888 3015 2799
0.6 0.6564264363998672 3953 2069
0.7 0.7112781954887218 4257 1728
0.8 0.8020321206161914 4894 1208
0.9 0.88944969065451 5463 679
1 6
0.1 0.07648953301127215 475 5735
0.2 0.21527553980019337 1336 4870
0.3 0.3490990990990991 2170 4046
0.4 0.42817499183806723 2623 3503
0.5 0.5471517472474868 3429 2838
0.6 0.6471256901591426 3985 2173
0.7 0.7010756140632526 4367 1862
0.8 0.7961180884031969 4881 1250
0.9 0.8933034283883371 5576 666
1 7
0.1 0.07766059443911794 486 5772
0.2 0.2172863351038146 1350 4863
0.3 0.340470397404704 2099 4066
0.4 0.4379127073602835 2719 3490
0.5 0.5466751918158568 3420 2836
0.6 0.6402234636871509 4011 2254
0.7 0.7044728434504792 4410 1850
0.8 0.796875 4998 1274
0.9 0.8905726591162865 5583 686
1 8
0.1 0.07884151246983105 490 5725
0.2 0.21930946291560102 1372 4884
0.3 0.34375 2156 4116
0.4 0.43847874720357943 2744 3514
0.5 0.5443322109988776 3395 2842
0.6 0.6402234636871509 4011 2254
0.7 0.6998710509348807 4342 1862
0.8 0.7942174123727992 4917 1274
0.9 0.8898671362253882 5559 688
1 9
0.1 0.08300863967474166 490 5413
0.2 0.22692689381409195 1372 4674
0.3 0.3513689700130378 2156 3980
0.4 0.45124157210985033 2744 3337
0.5 0.550561797752809 3430 2800
0.6 0.6351854851773854 3921 2252
0.7 0.710586319218241 4363 1777
0.8 0.7956746287927695 4930 1266
0.9 0.8884927066450568 5482 688
2 3
0.1 0.0742225072138506 463 5775
0.2 0.2122679580306699 1315 4880
0.3 0.34602409638554216 2154 4071
0.4 0.4421527553980019 2744 3462
0.5 0.5386593795209773 3351 2870
0.6 0.6323101777059774 3914 2276
0.7 0.6985798627732568 4378 1889
0.8 0.8028598971722365 4997 1227
0.9 0.8902380571976354 5572 687
2 4
0.1 0.07751318523253956 485 5772
0.2 0.21875 1372 4900
0.3 0.3439144999202425 2156 4113
0.4 0.4375 2744 3528
0.5 0.5454254638515675 3410 2842
0.6 0.6365102402838252 3947 2254
0.7 0.703125 4410 1862
0.8 0.7962221866495918 4974 1273
0.9 0.890625 5586 686
2 5
0.1 0.07957128937966873 490 5668
0.2 0.22539839001149992 1372 4715
0.3 0.3515981735159817 2156 3976
0.4 0.4461665292662819 2706 3359
0.5 0.561282932416953 3430 2681
0.6 0.644840314556251 4018 2213
0.7 0.7048309178743961 4377 1833
0.8 0.7960063897763578 4983 1277
0.9 0.89185303514377 5583 677
2 6
0.1 0.07539619017128221 471 5776
0.2 0.2177522349936143 1364 4900
0.3 0.3486416558861578 2156 4028
0.4 0.43784905058241586 2744 3523
0.5 0.5518018018018018 3430 2786
0.6 0.6407348242811501 4011 2249
0.7 0.7016503765422208 4379 1862
0.8 0.796875 4998 1274
0.9 0.890625 5586 686
2 7
0.1 0.07891770011273957 490 5719
0.2 0.2186951666932525 1371 4898
0.3 0.34375 2156 4116
0.4 0.4372308183123305 2741 3528
0.5 0.5462238543828836 3421 2842
0.6 0.6336746302616609 3899 2254
0.7 0.7004986327810842 4355 1862
0.8 0.796550622804216 4988 1274
0.9 0.8905901116427433 5584 686
2 8
0.1 0.07976653696498054 492 5676
0.2 0.22429295406244892 1372 4745
0.3 0.3462897526501767 2156 4070
0.4 0.4376894846018829 2743 3524
0.5 0.5484489926447074 3430 2824
0.6 0.6414431673052363 4018 2246
0.7 0.7060518731988472 4410 1836
0.8 0.796875 4998 1274
0.9 0.9013372472276582 5527 605
2 9
0.1 0.07885420019311233 490 5724
0.2 0.2197661380746436 1372 4871
0.3 0.34375 2156 4116
0.4 0.4375 2744 3528
0.5 0.5473986594318545 3430 2836
0.6 0.6374457133665755 3963 2254
0.7 0.7045123726346434 4356 1827
0.8 0.796875 4998 1274
0.9 0.889408350798001 5517 686
3 4
0.1 0.07900677200902935 490 5712
0.2 0.22017022643327444 1371 4856
0.3 0.3437649688647613 2153 4110
0.4 0.4391967871485944 2734 3491
0.5 0.546875 3430 2842
0.6 0.6405676925530218 4017 2254
0.7 0.7015068932350113 4376 1862
0.8 0.7938844847112118 4907 1274
0.9 0.8870779976717112 5334 679
3 5
0.1 0.08833522083805209 546 5635
0.2 0.21841097638800255 1369 4899
0.3 0.3422775914390672 2143 4118
0.4 0.43761996161228406 2736 3516
0.5 0.5363941769316909 3353 2898
0.6 0.6216259899789882 3846 2341
0.7 0.6984836392657622 4376 1889
0.8 0.7942986718496923 4904 1270
0.9 0.8891203332799231 5549 692
3 6
0.1 0.078125 490 5782
0.2 0.21862541859352574 1371 4900
0.3 0.3424920127795527 2144 4116
0.4 0.4375 2744 3528
0.5 0.5408642175109241 3342 2837
0.6 0.640625 4018 2254
0.7 0.7027932960893855 4403 1862
0.8 0.7945360491432266 4915 1271
0.9 0.8903452685421995 5570 686
3 7
0.1 0.07949383517196626 490 5674
0.2 0.22150468195027445 1372 4822
0.3 0.34667953047113687 2156 4063
0.4 0.43436792757840287 2687 3499
0.5 0.5554115359688918 3428 2744
0.6 0.6457624372062875 3985 2186
0.7 0.703125 4410 1862
0.8 0.7963229416466826 4981 1274
0.9 0.8902926595234287 5567 686
3 8
0.1 0.08505526189332052 531 5712
0.2 0.2180918953414167 1367 4901
0.3 0.3452190598017269 2159 4095
0.4 0.43719074221867515 2739 3526
0.5 0.5484848484848485 3439 2831
0.6 0.6283242550464595 3922 2320
0.7 0.7030776590655398 4409 1862
0.8 0.8022727272727272 4942 1218
0.9 0.886872649991826 5425 692
3 9
0.1 0.07961007311129163 490 5665
0.2 0.22130350194552528 1365 4803
0.3 0.3437652811735941 2109 4026
0.4 0.4405908798972383 2744 3484
0.5 0.5479672183834163 3410 2813
0.6 0.6439102564102565 4018 2222
0.7 0.6964486582034388 4334 1889
0.8 0.793566572707677 4786 1245
0.9 0.8935441799804369 5481 653
4 5
0.1 0.0655871769708865 401 5713
0.2 0.21700223713646533 1358 4900
0.3 0.34222719284230707 2142 4117
0.4 0.43696137887009256 2738 3528
0.5 0.5442591404746633 3394 2842
0.6 0.6404153354632588 4009 2251
0.7 0.7037982764123843 4410 1856
0.8 0.7931482383503815 4885 1274
0.9 0.8914604948124502 5585 680
4 6
0.1 0.0781199871671479 487 5747
0.2 0.22182642487046633 1370 4806
0.3 0.3365711510441962 2079 4098
0.4 0.4375 2744 3528
0.5 0.5468899521531101 3429 2841
0.6 0.6422947131608548 3997 2226
0.7 0.703125 4410 1862
0.8 0.8000640307347526 4998 1249
0.9 0.8892081736909323 5570 694
4 7
0.1 0.07828726633647548 490 5769
0.2 0.22182700080840745 1372 4813
0.3 0.34407915735716565 2156 4110
0.4 0.4492468893254748 2744 3364
0.5 0.5539661898569571 3408 2744
0.6 0.6456861133935908 3929 2156
0.7 0.6997742663656885 4340 1862
0.8 0.7966480446927374 4991 1274
0.9 0.8906075586030936 5585 686
4 8
0.1 0.07980456026058631 490 5650
0.2 0.22268907563025211 1378 4810
0.3 0.35404742436631237 2165 3950
0.4 0.4420815208635412 2744 3463
0.5 0.5388091011779893 3339 2858
0.6 0.6349797570850202 3921 2254
0.7 0.7023181454836132 4393 1862
0.8 0.8057803468208092 4879 1176
0.9 0.8967565831727682 5585 643
4 9
0.1 0.09832841691248771 600 5502
0.2 0.23322259136212625 1404 4616
0.3 0.3467223650385604 2158 4066
0.4 0.44265981368454865 2756 3470
0.5 0.5441247387879762 3385 2836
0.6 0.6477660438667749 3987 2168
0.7 0.6954530585541381 4252 1862
0.8 0.7978214226770094 4834 1225
0.9 0.9012546846993645 5531 606
5 6
0.1 0.07818733046114569 490 5777
0.2 0.2162507997440819 1352 4900
0.3 0.34375 2156 4116
0.4 0.43830128205128205 2735 3505
0.5 0.5472239948947033 3430 2838
0.6 0.6323364784903246 3954 2299
0.7 0.6999042756860242 4387 1881
0.8 0.7775437459494491 4799 1373
0.9 0.8792688792688793 5484 753
5 7
0.1 0.0638861304203906 386 5656
0.2 0.21304204993429698 1297 4791
0.3 0.33442088091353994 2050 4080
0.4 0.4243018128368447 2598 3525
0.5 0.5440397882239691 3391 2842
0.6 0.6384343920436317 3980 2254
0.7 0.6975799902549943 4295 1862
0.8 0.7957351290684624 4963 1274
0.9 0.8906075586030936 5585 686
5 8
0.1 0.07751441383728379 484 5760
0.2 0.21312005170463727 1319 4870
0.3 0.33044871794871794 2062 4178
0.4 0.4192153722978383 2618 3627
0.5 0.5395288802839626 3344 2854
0.6 0.6351263771872975 3920 2252
0.7 0.6959273081291579 4289 1874
0.8 0.7834581569521328 4812 1330
0.9 0.8915101909805809 5555 676
5 9
0.1 0.08065843621399177 490 5585
0.2 0.2211274430625101 1369 4822
0.3 0.3421937550040032 2137 4108
0.4 0.4294358135731807 2626 3489
0.5 0.5464982778415615 3332 2765
0.6 0.6339139007558331 3858 2228
0.7 0.6953534031413613 4250 1862
0.8 0.7871700634814567 4712 1274
0.9 0.8886544392144132 5475 686
6 7
0.1 0.08107213765718067 490 5554
0.2 0.22370781020707647 1372 4761
0.3 0.3528064146620848 2156 3955
0.4 0.43988457839050976 2744 3494
0.5 0.5718572857619206 3430 2568
0.6 0.6566432423598627 4018 2101
0.7 0.7241379310344828 4410 1680
0.8 0.7975107707036859 4998 1269
0.9 0.890625 5586 686
6 8
0.1 0.07908327953518399 490 5706
0.2 0.2229609210312956 1375 4792
0.3 0.3442439725371228 2156 4107
0.4 0.44265204065171804 2744 3455
0.5 0.5540300436116944 3430 2761
0.6 0.640625 4018 2254
0.7 0.703125 4410 1862
0.8 0.796875 4998 1274
0.9 0.890625 5586 686
6 9
0.1 0.0782122905027933 490 5775
0.2 0.21875 1372 4900
0.3 0.34375 2156 4116
0.4 0.4375 2744 3528
0.5 0.546875 3430 2842
0.6 0.640625 4018 2254
0.7 0.703125 4410 1862
0.8 0.796875 4998 1274
0.9 0.8904678269200064 5577 686
7 8
0.1 0.08773055332798717 547 5688
0.2 0.20891185017759123 1294 4900
0.3 0.33892081736909324 2123 4141
0.4 0.43705122067975105 2739 3528
0.5 0.5461513893324816 3420 2842
0.6 0.640625 4018 2254
0.7 0.703125 4410 1862
0.8 0.796875 4998 1274
0.9 0.890485312899106 5578 686
7 9
0.1 0.08248245054243777 517 5751
0.2 0.19864450540584153 1231 4966
0.3 0.33838303300908945 2122 4149
0.4 0.4359507436430513 2726 3527
0.5 0.5444052580955434 3396 2842
0.6 0.6384343920436317 3980 2254
0.7 0.703125 4410 1862
0.8 0.796875 4998 1274
0.9 0.8896751366999035 5532 686
8 9
0.1 0.078125 490 5782
0.2 0.220649726600193 1372 4846
0.3 0.34469515122419586 2154 4095
0.4 0.43928228132008973 2742 3500
0.5 0.5571614160441701 3431 2727
0.6 0.6489018087855297 4018 2174
0.7 0.6967426710097719 4278 1862
0.8 0.796875 4998 1274
0.9 0.8890147225368064 5495 686
